"","Q2","Q3","Q4","Q5","Q6","Q7","Q8","Q9","Q10","Q11","Q12","Q13","Q14","Q15","Q16","Q17","Q18"
"Q2",1,0.2265247429637,0.41251551524115,0.520964699564777,0.330025889703674,0.460348538074585,0.431200521806082,0.343628118452093,0.322674446650432,0.537144661397582,0.418617052991358,0.268497840407081,0.530865668295348,0.407221841119045,0.28086542795687,0.25041875981032,0.10734105471463
"Q3",0.2265247429637,1,0.277384193212809,0.0492072018022053,0.162148051703147,-0.202002738157654,0.255158775038275,-0.252056586360032,-0.128748392894627,0.323831968239202,0.0139988098876199,-0.00550839288931902,0.120128823806643,0.117387509114527,0.0245606804452149,-0.0242195947622606,-0.200424543357923
"Q4",0.41251551524115,0.277384193212809,1,0.514553282782993,0.589120060001741,0.0520537598190516,0.596832950839068,0.122157451931556,0.108063837472858,0.381118688909099,0.0472478497111611,0.306068350728402,0.257399542854796,0.045789771600361,0.0127444518785135,0.155767389963966,-0.0081866695964668
"Q5",0.520964699564777,0.0492072018022053,0.514553282782993,1,0.6402449414313,0.330857833075587,0.544931977683392,0.206170094341349,0.303880002001509,0.320735220772806,0.239976814566708,0.275368342215689,0.442109622638408,0.11004860993081,0.101714532182848,0.157219751614668,0.119610853426644
"Q6",0.330025889703674,0.162148051703147,0.589120060001741,0.6402449414313,1,0.223168111162842,0.551445096985578,0.136448855460295,0.190363803322943,0.209990101937423,0.0464611707344853,0.191668078368571,0.293029990277787,-0.0201823509322444,0.0986748001009472,0.131192213334557,0.205785364073776
"Q7",0.460348538074585,-0.202002738157654,0.0520537598190516,0.330857833075587,0.223168111162842,1,0.229039648889836,0.634005455594158,0.418760301939203,0.103765562675626,0.41229523840681,0.305093645128208,0.465047647401717,0.0853547830993772,0.00372179634992442,0.135097408571299,0.303802680558351
"Q8",0.431200521806082,0.255158775038275,0.596832950839068,0.544931977683392,0.551445096985578,0.229039648889836,1,0.180578641536373,0.279930567393494,0.279827019506916,0.162432081413434,0.216486753018279,0.347058619271992,0.209328658302011,0.203496814223782,0.199122206396284,0.0804685785620897
"Q9",0.343628118452093,-0.252056586360032,0.122157451931556,0.206170094341349,0.136448855460295,0.634005455594158,0.180578641536373,1,0.309828573339987,0.0229927809080026,0.263285139763783,0.265984685352979,0.341136501207293,0.157502652493776,0.0424140678505932,0.15014704569823,0.0754466554574736
"Q10",0.322674446650432,-0.128748392894627,0.108063837472858,0.303880002001509,0.190363803322943,0.418760301939203,0.279930567393494,0.309828573339987,1,0.263422347231942,0.233035319441152,0.391719490687359,0.430058693194939,0.112544991963757,0.0320396441065018,0.232828217390966,0.180646002238177
"Q11",0.537144661397582,0.323831968239202,0.381118688909099,0.320735220772806,0.209990101937423,0.103765562675626,0.279827019506916,0.0229927809080026,0.263422347231942,1,0.278237552990917,0.179905915652577,0.269083563523587,0.332134306994714,0.205817612486918,0.202128982688834,-0.0307841549691135
"Q12",0.418617052991358,0.0139988098876199,0.0472478497111611,0.239976814566708,0.0464611707344853,0.41229523840681,0.162432081413434,0.263285139763783,0.233035319441152,0.278237552990917,1,0.630815541298148,0.60442236683828,0.135909502814851,0.0682131078011538,0.0375680760364772,0.0783911338489113
"Q13",0.268497840407081,-0.00550839288931902,0.306068350728402,0.275368342215689,0.191668078368571,0.305093645128208,0.216486753018279,0.265984685352979,0.391719490687359,0.179905915652577,0.630815541298148,1,0.655952109793865,0.0633343309293822,-0.0836813307798894,0.112544270466602,0.162072261762898
"Q14",0.530865668295348,0.120128823806643,0.257399542854796,0.442109622638408,0.293029990277787,0.465047647401717,0.347058619271992,0.341136501207293,0.430058693194939,0.269083563523587,0.60442236683828,0.655952109793865,1,0.14462443178662,0.103692280076742,0.202699556368047,0.282794359386881
"Q15",0.407221841119045,0.117387509114527,0.045789771600361,0.11004860993081,-0.0201823509322444,0.0853547830993772,0.209328658302011,0.157502652493776,0.112544991963757,0.332134306994714,0.135909502814851,0.0633343309293822,0.14462443178662,1,0.572220442258221,0.568667444049831,-0.0592407497518642
"Q16",0.28086542795687,0.0245606804452149,0.0127444518785135,0.101714532182848,0.0986748001009472,0.00372179634992442,0.203496814223782,0.0424140678505932,0.0320396441065018,0.205817612486918,0.0682131078011538,-0.0836813307798894,0.103692280076742,0.572220442258221,1,0.546616351625104,-0.00585930130797332
"Q17",0.25041875981032,-0.0242195947622606,0.155767389963966,0.157219751614668,0.131192213334557,0.135097408571299,0.199122206396284,0.15014704569823,0.232828217390966,0.202128982688834,0.0375680760364772,0.112544270466602,0.202699556368047,0.568667444049831,0.546616351625104,1,0.179300892625938
"Q18",0.10734105471463,-0.200424543357923,-0.0081866695964668,0.119610853426644,0.205785364073776,0.303802680558351,0.0804685785620897,0.0754466554574736,0.180646002238177,-0.0307841549691135,0.0783911338489113,0.162072261762898,0.282794359386881,-0.0592407497518642,-0.00585930130797332,0.179300892625938,1
