"","Q2","Q3","Q4","Q5","Q6","Q7","Q8","Q9","Q10","Q11","Q12","Q13","Q14","Q15","Q16","Q17","Q18"
"Q2",1,0.542536291894127,0.866099952523934,0.874320884210782,0.566207878058777,0.277380362650845,0.744102157155006,0.18649117429266,0.333267016200255,0.925165209178491,0.812882933807499,0.738938604563083,0.861371633490368,0.774461757463279,0.678281467870129,0.702894096839462,-0.177916995837014
"Q3",0.542536291894127,1,0.707845387437306,0.430185384302492,0.0993086473740551,-0.44607203719504,0.627859053727155,-0.359088810633626,-0.129275888357438,0.664827460943933,0.162024027031395,0.0935120109119748,0.263957729297315,0.686237024574959,0.577610288561873,0.659743869907869,-0.571043092711751
"Q4",0.866099952523934,0.707845387437306,1,0.846499476168857,0.56493948324447,0.129449484494845,0.814547494439817,0.0556825676103296,0.24410111219879,0.914879908530932,0.640350206285388,0.529860589647817,0.686507626024848,0.70724287315163,0.580192121501209,0.73435514732887,-0.304797462764989
"Q5",0.874320884210782,0.430185384302492,0.846499476168857,1,0.71488883874612,0.392034839935456,0.812944146580501,0.184839938802852,0.484484147312242,0.874965008410539,0.837593907488805,0.665152154981468,0.797571367828479,0.620541869351957,0.568957750449964,0.709620874232821,-0.0095958238317524
"Q6",0.566207878058777,0.0993086473740551,0.56493948324447,0.71488883874612,1,0.220585180423112,0.724287194292078,0.550427235235774,0.111873175765261,0.584770136098333,0.605374347278067,0.544399194643777,0.536610474760484,0.376778577801139,0.321088380408605,0.371033543808184,-0.216393163543827
"Q7",0.277380362650845,-0.44607203719504,0.129449484494845,0.392034839935456,0.220585180423112,1,0.0609778908682733,0.284570043603679,0.801038536916667,0.187480960287912,0.570462010807678,0.538661026259812,0.519742548389672,0.0101632532110219,0.091662196935294,0.143159389312929,0.592112554936078
"Q8",0.744102157155006,0.627859053727155,0.814547494439817,0.812944146580501,0.724287194292078,0.0609778908682733,1,0.107562957579801,0.200119793037322,0.822835046941849,0.564721320168969,0.54911398196299,0.6484823736741,0.692215165626777,0.717816797573368,0.75147430543849,-0.364027653893378
"Q9",0.18649117429266,-0.359088810633626,0.0556825676103296,0.184839938802852,0.550427235235774,0.284570043603679,0.107562957579801,1,0.0558565808169078,0.138921935518124,0.34147492939949,0.290582295743927,0.275438109869287,0.01667758371265,-0.105165367941201,-0.184485725102285,-0.0746311526621562
"Q10",0.333267016200255,-0.129275888357438,0.24410111219879,0.484484147312242,0.111873175765261,0.801038536916667,0.200119793037322,0.0558565808169078,1,0.279836296935334,0.439806312203332,0.4960808540105,0.494776455289935,0.185926697595896,0.245844095723297,0.381682619711531,0.510506091667899
"Q11",0.925165209178491,0.664827460943933,0.914879908530932,0.874965008410539,0.584770136098333,0.187480960287912,0.822835046941849,0.138921935518124,0.279836296935334,1,0.738460485989545,0.602989245687399,0.739569535592823,0.818368484444427,0.692223823245835,0.768634239345314,-0.276244576377458
"Q12",0.812882933807499,0.162024027031395,0.640350206285388,0.837593907488805,0.605374347278067,0.570462010807678,0.564721320168969,0.34147492939949,0.439806312203332,0.738460485989545,1,0.76234634931932,0.87333109836695,0.522487788043873,0.472184608051062,0.536446671634296,0.145342530639138
"Q13",0.738938604563083,0.0935120109119748,0.529860589647817,0.665152154981468,0.544399194643777,0.538661026259812,0.54911398196299,0.290582295743927,0.4960808540105,0.602989245687399,0.76234634931932,1,0.912738473028284,0.62644947973715,0.569208179230405,0.567770720961676,0.101760781595805
"Q14",0.861371633490368,0.263957729297315,0.686507626024848,0.797571367828479,0.536610474760484,0.519742548389672,0.6484823736741,0.275438109869287,0.494776455289935,0.739569535592823,0.87333109836695,0.912738473028284,1,0.637983068387119,0.579130387407476,0.618182804435288,0.0872172481203916
"Q15",0.774461757463279,0.686237024574959,0.70724287315163,0.620541869351957,0.376778577801139,0.0101632532110219,0.692215165626777,0.01667758371265,0.185926697595896,0.818368484444427,0.522487788043873,0.62644947973715,0.637983068387119,1,0.836880810540573,0.822642838373539,-0.439444865473827
"Q16",0.678281467870129,0.577610288561873,0.580192121501209,0.568957750449964,0.321088380408605,0.091662196935294,0.717816797573368,-0.105165367941201,0.245844095723297,0.692223823245835,0.472184608051062,0.569208179230405,0.579130387407476,0.836880810540573,1,0.860683488138154,-0.30302375304751
"Q17",0.702894096839462,0.659743869907869,0.73435514732887,0.709620874232821,0.371033543808184,0.143159389312929,0.75147430543849,-0.184485725102285,0.381682619711531,0.768634239345314,0.536446671634296,0.567770720961676,0.618182804435288,0.822642838373539,0.860683488138154,1,-0.153328293270035
"Q18",-0.177916995837014,-0.571043092711751,-0.304797462764989,-0.0095958238317524,-0.216393163543827,0.592112554936078,-0.364027653893378,-0.0746311526621562,0.510506091667899,-0.276244576377458,0.145342530639138,0.101760781595805,0.0872172481203916,-0.439444865473827,-0.30302375304751,-0.153328293270035,1
